1) 111 101 Vorozhbitov 111.000 111.000 111.000
2) 111 111 Ivanov 111.000 111.000 111.000
3) 111 212 Kaluga 111.000 111.000 111.000
4) 111 222 Tsikolsky 111.000 111.000 111.000
5) 111 333 Lomachev 111.000 111.000 111.000
6) 111 444 Ivanov 111.000 111.000 111.000
7) 111 512 Petrenko 111.000 111.000 111.000
8) 111 555 Hvostov 111.000 111.000 111.000
9) 111 666 Glibov 111.000 111.000 111.000
10) 111 888 Lomakin 111.000 111.000 111.000
11) 111 999 Semechkov 111.000 111.000 111.000
12) 333 111 Lomakin 333.000 333.000 333.000
13) 333 123 Lomakin 333.000 333.000 333.000
14) 333 333 Godenskiy 333.000 333.000 333.000
15) 444 111 Vaulin 444.000 444.000 444.000
16) 444 333 Vaulin 444.000 444.000 444.000
17) 444 421 Glibov 444.000 444.000 444.000
18) 444 444 Ivanov 444.000 444.000 444.000
19) 222 111 Petrenko 222.000 222.000 222.000
20) 222 163 Godenskiy 222.000 222.000 222.000
21) 222 222 Kasparov 222.000 222.000 222.000
22) 222 555 Vaulin 222.000 222.000 222.000
23) 222 666 Petrenko 222.000 222.000 222.000
24) 521 111 Kasparov 222.000 222.000 222.000
25) 521 222 Kaluga 222.000 222.000 222.000
26) 999 111 Kaluga 222.000 222.000 222.000
27) 621 111 Kasparov 444.000 444.000 444.000
28) 251 111 Hvostov 222.000 222.000 222.000
29) 764 111 Godenskiy 222.000 222.000 222.000
30) 861 111 Kasparov 444.000 444.000 444.000
31) 875 111 Tsikolsky 222.000 222.000 222.000
32) 257 111 Tsikolsky 222.000 222.000 222.000
33) 812 111 Hvostov 333.000 333.000 333.000
34) 454 111 Kasparov 444.000 444.000 444.000
35) 265 111 Godenskiy 222.000 222.000 222.000
36) 777 111 Hvostov 111.000 111.000 111.000
